0 0.273529 0.850134 0.071778 0.104013
0 0.442461 0.859592 0.086399 0.073396
0 0.945375 0.822474 0.106751 0.089926
0 0.907361 0.849131 0.082091 0.071645
0 0.878698 0.888785 0.081999 0.084956
0 0.290781 0.760849 0.085394 0.063603
0 0.180718 0.694851 0.079228 0.042468
0 0.161943 0.833515 0.094305 0.072952
0 0.491159 0.584893 0.055919 0.029449
0 0.073500 0.735526 0.080057 0.045378
0 0.969017 0.966658 0.059467 0.059351
0 0.758627 0.961216 0.130931 0.072582
0 0.671918 0.635648 0.043351 0.038368
0 0.212637 0.886637 0.046196 0.084984
0 0.376979 0.605441 0.063393 0.033032
0 0.299879 0.649239 0.093860 0.041620
0 0.699206 0.624529 0.041247 0.034870
0 0.736008 0.599091 0.036555 0.037322
0 0.979118 0.796758 0.039263 0.044696
0 0.592513 0.523910 0.062268 0.031438
0 0.846844 0.927174 0.058795 0.070898
0 0.004057 0.903743 0.008114 0.034797
0 0.133976 0.926425 0.052359 0.102315
0 0.768516 0.593366 0.053350 0.037827
0 0.631861 0.662632 0.044490 0.045604
0 0.841853 0.544315 0.049883 0.032791
0 0.815831 0.556636 0.046843 0.036796
0 0.913254 0.512451 0.043400 0.031295
0 0.858826 0.525923 0.060533 0.046881
0 0.832839 0.431185 0.031648 0.023454
0 0.783756 0.571060 0.063674 0.056496
