0 0.733073 0.636501 0.101562 0.081320
0 0.686198 0.864002 0.132812 0.098745
0 0.756510 0.558086 0.085938 0.060022
0 0.761719 0.445787 0.065104 0.060022
0 0.761719 0.380925 0.075521 0.050341
0 0.231771 0.766225 0.234375 0.077447
0 0.156250 0.844641 0.218750 0.098745
0 0.113281 0.958875 0.190104 0.079384
0 0.285156 0.703299 0.216146 0.036787
0 0.291667 0.646182 0.130208 0.046468
0 0.348958 0.599713 0.125000 0.030979
0 0.381510 0.553245 0.117188 0.030979
0 0.421875 0.511617 0.088542 0.029043
0 0.427083 0.477734 0.093750 0.030979
