0 0.668210 0.728695 0.081205 0.052329
0 0.867531 0.805250 0.102297 0.124038
0 0.361319 0.886650 0.121280 0.069771
0 0.212619 0.823662 0.110734 0.056205
0 0.209456 0.738386 0.066440 0.052329
0 0.503691 0.742262 0.081205 0.071710
0 0.367119 0.684119 0.075932 0.091091
0 0.411940 0.514536 0.058003 0.062019
0 0.510019 0.569771 0.043239 0.063957
0 0.536384 0.621131 0.047457 0.062019
0 0.468889 0.462207 0.053785 0.046514
0 0.340227 0.565895 0.062222 0.079462
0 0.291188 0.599812 0.069604 0.085276
0 0.467307 0.539731 0.033747 0.046514
