0 0.441953 0.902027 0.108303 0.164595
0 0.465604 0.428913 0.130785 0.075514
0 0.596050 0.864714 0.113024 0.137114
0 0.273493 0.447686 0.142585 0.066461
0 0.742567 0.357809 0.123043 0.053124
0 0.687217 0.605002 0.088682 0.097365
0 0.772204 0.513364 0.083755 0.082092
0 0.930477 0.566819 0.124401 0.074456
0 0.921877 0.755050 0.149078 0.145456
0 0.911386 0.458954 0.133023 0.064910
0 0.793143 0.289042 0.096072 0.053456
0 0.259204 0.589729 0.134255 0.051546
0 0.231491 0.688049 0.182291 0.080183
0 0.136034 0.834097 0.205693 0.101184
0 0.296770 0.508591 0.123169 0.057274
