2 0.327896 0.397298 0.186198 0.096277
2 0.383340 0.327213 0.138156 0.084236
2 0.140852 0.342820 0.151774 0.081252
1 0.904375 0.467717 0.173537 0.119448
2 0.788107 0.370798 0.128849 0.079571
2 0.725775 0.316624 0.126135 0.061017
1 0.711657 0.493282 0.154765 0.130268
0 0.730535 0.743769 0.290544 0.201800
0 0.179429 0.870939 0.354566 0.206415
2 0.611464 0.367508 0.171680 0.091505
0 0.518577 0.496187 0.124276 0.078161
0 0.406473 0.504766 0.110183 0.083880
0 0.291165 0.511438 0.107621 0.081973
0 0.175857 0.518110 0.092246 0.091505
0 0.041331 0.530502 0.074309 0.101037
2 0.541639 0.327474 0.108902 0.068629
