0 0.233294 0.386557 0.462406 0.136963
1 0.496479 0.233638 0.268661 0.101952
0 0.931046 0.177200 0.135956 0.102262
0 0.265994 0.265669 0.196342 0.130471
0 0.733758 0.269219 0.192482 0.115838
1 0.368082 0.164368 0.094605 0.092210
0 0.270624 0.167704 0.131259 0.079353
1 0.043858 0.162749 0.087328 0.140386
1 0.145489 0.142905 0.085864 0.107858
2 0.571447 0.142759 0.082720 0.101657
0 0.913579 0.344088 0.170889 0.092866
2 0.298987 0.122181 0.080442 0.051800
2 0.651529 0.148696 0.094227 0.094845
2 0.824957 0.156103 0.097230 0.096651
