1 0.349366 0.348837 0.132135 0.147841
1 0.479387 0.293189 0.102537 0.112957
1 0.361522 0.052326 0.080338 0.079734
1 0.501586 0.041528 0.100423 0.068106
1 0.463531 0.162791 0.102537 0.111296
1 0.545455 0.261628 0.103594 0.116279
1 0.642706 0.190199 0.112051 0.126246
1 0.693975 0.147010 0.110994 0.119601
1 0.874736 0.327243 0.121564 0.104651
1 0.772727 0.377076 0.124736 0.151163
1 0.715116 0.444352 0.110994 0.126246
1 0.703488 0.629568 0.138478 0.181063
1 0.781184 0.576412 0.095137 0.114618
1 0.844609 0.555648 0.107822 0.132890
1 0.937252 0.454435 0.121860 0.159701
1 0.552854 0.749169 0.150106 0.171096
1 0.616808 0.676080 0.115222 0.161130
1 0.317125 0.916944 0.150106 0.154485
