2 0.604891 0.752347 0.390489 0.470301
2 0.315920 0.727736 0.216124 0.525431
2 0.191143 0.481034 0.199496 0.239848
2 0.145434 0.207493 0.145458 0.189389
2 0.365938 0.319303 0.129814 0.094202
2 0.111220 0.384770 0.117239 0.155639
2 0.584409 0.465985 0.329412 0.275031
2 0.252480 0.306954 0.091459 0.128522
2 0.062836 0.296818 0.078366 0.095328
2 0.402780 0.265459 0.087318 0.065278
2 0.325244 0.223532 0.057493 0.067793
2 0.459157 0.255200 0.085630 0.051362
2 0.220432 0.152931 0.075746 0.080271
2 0.052276 0.236297 0.075654 0.075739
2 0.380233 0.051557 0.038790 0.022512
